(kicad_pcb (version 20171130) (host pcbnew 5.0.1)

  (general
    (thickness 1.6)
    (drawings 17)
    (tracks 1374)
    (zones 0)
    (modules 76)
    (nets 113)
  )

  (page A4)
  (layers
    (0 F.Cu signal)
    (31 B.Cu signal)
    (32 B.Adhes user)
    (33 F.Adhes user)
    (34 B.Paste user)
    (35 F.Paste user)
    (36 B.SilkS user)
    (37 F.SilkS user)
    (38 B.Mask user)
    (39 F.Mask user)
    (40 Dwgs.User user)
    (41 Cmts.User user)
    (42 Eco1.User user)
    (43 Eco2.User user)
    (44 Edge.Cuts user)
    (45 Margin user)
    (46 B.CrtYd user)
    (47 F.CrtYd user)
    (48 B.Fab user)
    (49 F.Fab user)
  )

  (setup
    (last_trace_width 0.25)
    (trace_clearance 0.2)
    (zone_clearance 0.508)
    (zone_45_only no)
    (trace_min 0.2)
    (segment_width 0.2)
    (edge_width 0.15)
    (via_size 0.8)
    (via_drill 0.4)
    (via_min_size 0.4)
    (via_min_drill 0.3)
    (uvia_size 0.3)
    (uvia_drill 0.1)
    (uvias_allowed no)
    (uvia_min_size 0.2)
    (uvia_min_drill 0.1)
    (pcb_text_width 0.3)
    (pcb_text_size 1.5 1.5)
    (mod_edge_width 0.15)
    (mod_text_size 1 1)
    (mod_text_width 0.15)
    (pad_size 1.524 1.524)
    (pad_drill 0.762)
    (pad_to_mask_clearance 0.051)
    (solder_mask_min_width 0.25)
    (aux_axis_origin 0 0)
    (visible_elements FFFFF77F)
    (pcbplotparams
      (layerselection 0x010fc_ffffffff)
      (usegerberextensions false)
      (usegerberattributes false)
      (usegerberadvancedattributes false)
      (creategerberjobfile false)
      (excludeedgelayer true)
      (linewidth 0.100000)
      (plotframeref false)
      (viasonmask false)
      (mode 1)
      (useauxorigin false)
      (hpglpennumber 1)
      (hpglpenspeed 20)
      (hpglpendiameter 15.000000)
      (psnegative false)
      (psa4output false)
      (plotreference true)
      (plotvalue true)
      (plotinvisibletext false)
      (padsonsilk false)
      (subtractmaskfromsilk false)
      (outputformat 1)
      (mirror false)
      (drillshape 1)
      (scaleselection 1)
      (outputdirectory ""))
  )

  (net 0 "")
  (net 1 cmp)
  (net 2 NEGND)
  (net 3 usbvcc)
  (net 4 +5V)
  (net 5 3v3)
  (net 6 "Net-(C5-Pad2)")
  (net 7 NEVCC)
  (net 8 "Net-(C7-Pad1)")
  (net 9 "Net-(C7-Pad2)")
  (net 10 vin)
  (net 11 xtal1)
  (net 12 xtal2)
  (net 13 VCC)
  (net 14 reset)
  (net 15 avcc)
  (net 16 pwrin)
  (net 17 cbus0)
  (net 18 "Net-(D2-Pad2)")
  (net 19 "Net-(D3-Pad2)")
  (net 20 cbus1)
  (net 21 "Net-(D4-Pad2)")
  (net 22 "Net-(D6-Pad1)")
  (net 23 "Net-(D6-Pad2)")
  (net 24 "Net-(J3-Pad1)")
  (net 25 "Net-(J3-Pad2)")
  (net 26 "Net-(J3-Pad3)")
  (net 27 "Net-(J3-Pad4)")
  (net 28 "Net-(J3-Pad5)")
  (net 29 "Net-(J3-Pad6)")
  (net 30 "Net-(J3-Pad7)")
  (net 31 "Net-(J3-Pad8)")
  (net 32 ring)
  (net 33 cbus4)
  (net 34 cbus3)
  (net 35 cbus2)
  (net 36 nwr)
  (net 37 nrd)
  (net 38 ale)
  (net 39 tosc2)
  (net 40 tosc1)
  (net 41 m8txd)
  (net 42 m8rxd)
  (net 43 "Net-(J8-Pad8)")
  (net 44 "Net-(J8-Pad7)")
  (net 45 "Net-(J8-Pad6)")
  (net 46 "Net-(J8-Pad5)")
  (net 47 "Net-(J8-Pad4)")
  (net 48 "Net-(J8-Pad3)")
  (net 49 "Net-(J8-Pad2)")
  (net 50 "Net-(J8-Pad1)")
  (net 51 rdx)
  (net 52 txd)
  (net 53 "Net-(J9-Pad3)")
  (net 54 "Net-(J9-Pad4)")
  (net 55 "Net-(J9-Pad5)")
  (net 56 "Net-(J9-Pad6)")
  (net 57 "Net-(J9-Pad7)")
  (net 58 "Net-(J9-Pad8)")
  (net 59 "Net-(J11-Pad1)")
  (net 60 "Net-(J11-Pad2)")
  (net 61 "Net-(J11-Pad3)")
  (net 62 "Net-(J11-Pad4)")
  (net 63 "Net-(J11-Pad5)")
  (net 64 "Net-(J11-Pad6)")
  (net 65 "Net-(J11-Pad7)")
  (net 66 "Net-(J11-Pad8)")
  (net 67 "Net-(J12-Pad8)")
  (net 68 "Net-(J12-Pad7)")
  (net 69 pb5)
  (net 70 pb4)
  (net 71 miso)
  (net 72 mosi)
  (net 73 sck)
  (net 74 "Net-(J12-Pad1)")
  (net 75 "Net-(J13-Pad1)")
  (net 76 "Net-(J13-Pad2)")
  (net 77 "Net-(J13-Pad3)")
  (net 78 "Net-(J13-Pad4)")
  (net 79 "Net-(J13-Pad5)")
  (net 80 "Net-(J13-Pad6)")
  (net 81 "Net-(J13-Pad7)")
  (net 82 "Net-(J13-Pad8)")
  (net 83 "Net-(J14-Pad8)")
  (net 84 "Net-(J14-Pad7)")
  (net 85 "Net-(J14-Pad6)")
  (net 86 "Net-(J14-Pad5)")
  (net 87 "Net-(J14-Pad4)")
  (net 88 "Net-(J14-Pad3)")
  (net 89 sda)
  (net 90 scl)
  (net 91 NECTRLV)
  (net 92 "Net-(JP4-Pad1)")
  (net 93 "Net-(JP5-Pad1)")
  (net 94 gate_cmd)
  (net 95 npen)
  (net 96 NENTRIG)
  (net 97 NEOUT)
  (net 98 NENRST)
  (net 99 NETHR)
  (net 100 NEDIS)
  (net 101 "Net-(U2-Pad3)")
  (net 102 "Net-(J1-Pad3)")
  (net 103 "Net-(J1-Pad2)")
  (net 104 "Net-(J10-Pad4)")
  (net 105 "Net-(J10-Pad3)")
  (net 106 "Net-(J10-Pad2)")
  (net 107 "Net-(J10-Pad1)")
  (net 108 "Net-(F1-Pad2)")
  (net 109 EECS)
  (net 110 "Net-(J15-Pad2)")
  (net 111 "Net-(J15-Pad3)")
  (net 112 "Net-(J15-Pad4)")

  (net_class Default "Это класс цепей по умолчанию."
    (clearance 0.2)
    (trace_width 0.25)
    (via_dia 0.8)
    (via_drill 0.4)
    (uvia_dia 0.3)
    (uvia_drill 0.1)
    (add_net +5V)
    (add_net 3v3)
    (add_net EECS)
    (add_net NECTRLV)
    (add_net NEDIS)
    (add_net NEGND)
    (add_net NENRST)
    (add_net NENTRIG)
    (add_net NEOUT)
    (add_net NETHR)
    (add_net NEVCC)
    (add_net "Net-(C5-Pad2)")
    (add_net "Net-(C7-Pad1)")
    (add_net "Net-(C7-Pad2)")
    (add_net "Net-(D2-Pad2)")
    (add_net "Net-(D3-Pad2)")
    (add_net "Net-(D4-Pad2)")
    (add_net "Net-(D6-Pad1)")
    (add_net "Net-(D6-Pad2)")
    (add_net "Net-(F1-Pad2)")
    (add_net "Net-(J1-Pad2)")
    (add_net "Net-(J1-Pad3)")
    (add_net "Net-(J10-Pad1)")
    (add_net "Net-(J10-Pad2)")
    (add_net "Net-(J10-Pad3)")
    (add_net "Net-(J10-Pad4)")
    (add_net "Net-(J11-Pad1)")
    (add_net "Net-(J11-Pad2)")
    (add_net "Net-(J11-Pad3)")
    (add_net "Net-(J11-Pad4)")
    (add_net "Net-(J11-Pad5)")
    (add_net "Net-(J11-Pad6)")
    (add_net "Net-(J11-Pad7)")
    (add_net "Net-(J11-Pad8)")
    (add_net "Net-(J12-Pad1)")
    (add_net "Net-(J12-Pad7)")
    (add_net "Net-(J12-Pad8)")
    (add_net "Net-(J13-Pad1)")
    (add_net "Net-(J13-Pad2)")
    (add_net "Net-(J13-Pad3)")
    (add_net "Net-(J13-Pad4)")
    (add_net "Net-(J13-Pad5)")
    (add_net "Net-(J13-Pad6)")
    (add_net "Net-(J13-Pad7)")
    (add_net "Net-(J13-Pad8)")
    (add_net "Net-(J14-Pad3)")
    (add_net "Net-(J14-Pad4)")
    (add_net "Net-(J14-Pad5)")
    (add_net "Net-(J14-Pad6)")
    (add_net "Net-(J14-Pad7)")
    (add_net "Net-(J14-Pad8)")
    (add_net "Net-(J15-Pad2)")
    (add_net "Net-(J15-Pad3)")
    (add_net "Net-(J15-Pad4)")
    (add_net "Net-(J3-Pad1)")
    (add_net "Net-(J3-Pad2)")
    (add_net "Net-(J3-Pad3)")
    (add_net "Net-(J3-Pad4)")
    (add_net "Net-(J3-Pad5)")
    (add_net "Net-(J3-Pad6)")
    (add_net "Net-(J3-Pad7)")
    (add_net "Net-(J3-Pad8)")
    (add_net "Net-(J8-Pad1)")
    (add_net "Net-(J8-Pad2)")
    (add_net "Net-(J8-Pad3)")
    (add_net "Net-(J8-Pad4)")
    (add_net "Net-(J8-Pad5)")
    (add_net "Net-(J8-Pad6)")
    (add_net "Net-(J8-Pad7)")
    (add_net "Net-(J8-Pad8)")
    (add_net "Net-(J9-Pad3)")
    (add_net "Net-(J9-Pad4)")
    (add_net "Net-(J9-Pad5)")
    (add_net "Net-(J9-Pad6)")
    (add_net "Net-(J9-Pad7)")
    (add_net "Net-(J9-Pad8)")
    (add_net "Net-(JP4-Pad1)")
    (add_net "Net-(JP5-Pad1)")
    (add_net "Net-(U2-Pad3)")
    (add_net VCC)
    (add_net ale)
    (add_net avcc)
    (add_net cbus0)
    (add_net cbus1)
    (add_net cbus2)
    (add_net cbus3)
    (add_net cbus4)
    (add_net cmp)
    (add_net gate_cmd)
    (add_net m8rxd)
    (add_net m8txd)
    (add_net miso)
    (add_net mosi)
    (add_net npen)
    (add_net nrd)
    (add_net nwr)
    (add_net pb4)
    (add_net pb5)
    (add_net pwrin)
    (add_net rdx)
    (add_net reset)
    (add_net ring)
    (add_net sck)
    (add_net scl)
    (add_net sda)
    (add_net tosc1)
    (add_net tosc2)
    (add_net txd)
    (add_net usbvcc)
    (add_net vin)
    (add_net xtal1)
    (add_net xtal2)
  )

  (module Capacitor_SMD:C_0805_2012Metric_Pad1.15x1.40mm_HandSolder (layer F.Cu) (tedit 5B36C52B) (tstamp 5C6BBDEE)
    (at 78.74 100.33 90)
    (descr "Capacitor SMD 0805 (2012 Metric), square (rectangular) end terminal, IPC_7351 nominal with elongated pad for handsoldering. (Body size source: https://docs.google.com/spreadsheets/d/1BsfQQcO9C6DZCsRaXUlFlo91Tg2WpOkGARC1WS5S8t0/edit?usp=sharing), generated with kicad-footprint-generator")
    (tags "capacitor handsolder")
    (path /5C6A0774)
    (attr smd)
    (fp_text reference C1 (at 0 -1.65 90) (layer F.SilkS)
      (effects (font (size 1 1) (thickness 0.15)))
    )
    (fp_text value C (at 0 1.65 90) (layer F.Fab)
      (effects (font (size 1 1) (thickness 0.15)))
    )
    (fp_text user %R (at 0 0 90) (layer F.Fab)
      (effects (font (size 0.5 0.5) (thickness 0.08)))
    )
    (fp_line (start 1.85 0.95) (end -1.85 0.95) (layer F.CrtYd) (width 0.05))
    (fp_line (start 1.85 -0.95) (end 1.85 0.95) (layer F.CrtYd) (width 0.05))
    (fp_line (start -1.85 -0.95) (end 1.85 -0.95) (layer F.CrtYd) (width 0.05))
    (fp_line (start -1.85 0.95) (end -1.85 -0.95) (layer F.CrtYd) (width 0.05))
    (fp_line (start -0.261252 0.71) (end 0.261252 0.71) (layer F.SilkS) (width 0.12))
    (fp_line (start -0.261252 -0.71) (end 0.261252 -0.71) (layer F.SilkS) (width 0.12))
    (fp_line (start 1 0.6) (end -1 0.6) (layer F.Fab) (width 0.1))
    (fp_line (start 1 -0.6) (end 1 0.6) (layer F.Fab) (width 0.1))
    (fp_line (start -1 -0.6) (end 1 -0.6) (layer F.Fab) (width 0.1))
    (fp_line (start -1 0.6) (end -1 -0.6) (layer F.Fab) (width 0.1))
    (pad 2 smd roundrect (at 1.025 0 90) (size 1.15 1.4) (layers F.Cu F.Paste F.Mask) (roundrect_rratio 0.217391)
      (net 1 cmp))
    (pad 1 smd roundrect (at -1.025 0 90) (size 1.15 1.4) (layers F.Cu F.Paste F.Mask) (roundrect_rratio 0.217391)
      (net 2 NEGND))
    (model ${KISYS3DMOD}/Capacitor_SMD.3dshapes/C_0805_2012Metric.wrl
      (at (xyz 0 0 0))
      (scale (xyz 1 1 1))
      (rotate (xyz 0 0 0))
    )
  )

  (module Capacitor_SMD:C_0805_2012Metric_Pad1.15x1.40mm_HandSolder (layer F.Cu) (tedit 5B36C52B) (tstamp 5C6BBDFF)
    (at 49.53 119.38)
    (descr "Capacitor SMD 0805 (2012 Metric), square (rectangular) end terminal, IPC_7351 nominal with elongated pad for handsoldering. (Body size source: https://docs.google.com/spreadsheets/d/1BsfQQcO9C6DZCsRaXUlFlo91Tg2WpOkGARC1WS5S8t0/edit?usp=sharing), generated with kicad-footprint-generator")
    (tags "capacitor handsolder")
    (path /5C6CA888)
    (attr smd)
    (fp_text reference C2 (at 0 -1.65) (layer F.SilkS)
      (effects (font (size 1 1) (thickness 0.15)))
    )
    (fp_text value C (at 0 1.65) (layer F.Fab)
      (effects (font (size 1 1) (thickness 0.15)))
    )
    (fp_text user %R (at 0 0) (layer F.Fab)
      (effects (font (size 0.5 0.5) (thickness 0.08)))
    )
    (fp_line (start 1.85 0.95) (end -1.85 0.95) (layer F.CrtYd) (width 0.05))
    (fp_line (start 1.85 -0.95) (end 1.85 0.95) (layer F.CrtYd) (width 0.05))
    (fp_line (start -1.85 -0.95) (end 1.85 -0.95) (layer F.CrtYd) (width 0.05))
    (fp_line (start -1.85 0.95) (end -1.85 -0.95) (layer F.CrtYd) (width 0.05))
    (fp_line (start -0.261252 0.71) (end 0.261252 0.71) (layer F.SilkS) (width 0.12))
    (fp_line (start -0.261252 -0.71) (end 0.261252 -0.71) (layer F.SilkS) (width 0.12))
    (fp_line (start 1 0.6) (end -1 0.6) (layer F.Fab) (width 0.1))
    (fp_line (start 1 -0.6) (end 1 0.6) (layer F.Fab) (width 0.1))
    (fp_line (start -1 -0.6) (end 1 -0.6) (layer F.Fab) (width 0.1))
    (fp_line (start -1 0.6) (end -1 -0.6) (layer F.Fab) (width 0.1))
    (pad 2 smd roundrect (at 1.025 0) (size 1.15 1.4) (layers F.Cu F.Paste F.Mask) (roundrect_rratio 0.217391)
      (net 2 NEGND))
    (pad 1 smd roundrect (at -1.025 0) (size 1.15 1.4) (layers F.Cu F.Paste F.Mask) (roundrect_rratio 0.217391)
      (net 3 usbvcc))
    (model ${KISYS3DMOD}/Capacitor_SMD.3dshapes/C_0805_2012Metric.wrl
      (at (xyz 0 0 0))
      (scale (xyz 1 1 1))
      (rotate (xyz 0 0 0))
    )
  )

  (module Capacitor_SMD:C_0805_2012Metric_Pad1.15x1.40mm_HandSolder (layer F.Cu) (tedit 5B36C52B) (tstamp 5C6BBE10)
    (at 54.855 135.89 180)
    (descr "Capacitor SMD 0805 (2012 Metric), square (rectangular) end terminal, IPC_7351 nominal with elongated pad for handsoldering. (Body size source: https://docs.google.com/spreadsheets/d/1BsfQQcO9C6DZCsRaXUlFlo91Tg2WpOkGARC1WS5S8t0/edit?usp=sharing), generated with kicad-footprint-generator")
    (tags "capacitor handsolder")
    (path /5C73A21F)
    (attr smd)
    (fp_text reference C3 (at 0 -1.65 180) (layer F.SilkS)
      (effects (font (size 1 1) (thickness 0.15)))
    )
    (fp_text value C (at 0 1.65 180) (layer F.Fab)
      (effects (font (size 1 1) (thickness 0.15)))
    )
    (fp_line (start -1 0.6) (end -1 -0.6) (layer F.Fab) (width 0.1))
    (fp_line (start -1 -0.6) (end 1 -0.6) (layer F.Fab) (width 0.1))
    (fp_line (start 1 -0.6) (end 1 0.6) (layer F.Fab) (width 0.1))
    (fp_line (start 1 0.6) (end -1 0.6) (layer F.Fab) (width 0.1))
    (fp_line (start -0.261252 -0.71) (end 0.261252 -0.71) (layer F.SilkS) (width 0.12))
    (fp_line (start -0.261252 0.71) (end 0.261252 0.71) (layer F.SilkS) (width 0.12))
    (fp_line (start -1.85 0.95) (end -1.85 -0.95) (layer F.CrtYd) (width 0.05))
    (fp_line (start -1.85 -0.95) (end 1.85 -0.95) (layer F.CrtYd) (width 0.05))
    (fp_line (start 1.85 -0.95) (end 1.85 0.95) (layer F.CrtYd) (width 0.05))
    (fp_line (start 1.85 0.95) (end -1.85 0.95) (layer F.CrtYd) (width 0.05))
    (fp_text user %R (at 0 0 180) (layer F.Fab)
      (effects (font (size 0.5 0.5) (thickness 0.08)))
    )
    (pad 1 smd roundrect (at -1.025 0 180) (size 1.15 1.4) (layers F.Cu F.Paste F.Mask) (roundrect_rratio 0.217391)
      (net 2 NEGND))
    (pad 2 smd roundrect (at 1.025 0 180) (size 1.15 1.4) (layers F.Cu F.Paste F.Mask) (roundrect_rratio 0.217391)
      (net 4 +5V))
    (model ${KISYS3DMOD}/Capacitor_SMD.3dshapes/C_0805_2012Metric.wrl
      (at (xyz 0 0 0))
      (scale (xyz 1 1 1))
      (rotate (xyz 0 0 0))
    )
  )

  (module Capacitor_SMD:C_0805_2012Metric_Pad1.15x1.40mm_HandSolder (layer F.Cu) (tedit 5B36C52B) (tstamp 5C6BBE21)
    (at 59.69 121.92)
    (descr "Capacitor SMD 0805 (2012 Metric), square (rectangular) end terminal, IPC_7351 nominal with elongated pad for handsoldering. (Body size source: https://docs.google.com/spreadsheets/d/1BsfQQcO9C6DZCsRaXUlFlo91Tg2WpOkGARC1WS5S8t0/edit?usp=sharing), generated with kicad-footprint-generator")
    (tags "capacitor handsolder")
    (path /5C8AA451)
    (attr smd)
    (fp_text reference C4 (at 0 -1.65) (layer F.SilkS)
      (effects (font (size 1 1) (thickness 0.15)))
    )
    (fp_text value C (at 0 1.65) (layer F.Fab)
      (effects (font (size 1 1) (thickness 0.15)))
    )
    (fp_text user %R (at 0 0) (layer F.Fab)
      (effects (font (size 0.5 0.5) (thickness 0.08)))
    )
    (fp_line (start 1.85 0.95) (end -1.85 0.95) (layer F.CrtYd) (width 0.05))
    (fp_line (start 1.85 -0.95) (end 1.85 0.95) (layer F.CrtYd) (width 0.05))
    (fp_line (start -1.85 -0.95) (end 1.85 -0.95) (layer F.CrtYd) (width 0.05))
    (fp_line (start -1.85 0.95) (end -1.85 -0.95) (layer F.CrtYd) (width 0.05))
    (fp_line (start -0.261252 0.71) (end 0.261252 0.71) (layer F.SilkS) (width 0.12))
    (fp_line (start -0.261252 -0.71) (end 0.261252 -0.71) (layer F.SilkS) (width 0.12))
    (fp_line (start 1 0.6) (end -1 0.6) (layer F.Fab) (width 0.1))
    (fp_line (start 1 -0.6) (end 1 0.6) (layer F.Fab) (width 0.1))
    (fp_line (start -1 -0.6) (end 1 -0.6) (layer F.Fab) (width 0.1))
    (fp_line (start -1 0.6) (end -1 -0.6) (layer F.Fab) (width 0.1))
    (pad 2 smd roundrect (at 1.025 0) (size 1.15 1.4) (layers F.Cu F.Paste F.Mask) (roundrect_rratio 0.217391)
      (net 2 NEGND))
    (pad 1 smd roundrect (at -1.025 0) (size 1.15 1.4) (layers F.Cu F.Paste F.Mask) (roundrect_rratio 0.217391)
      (net 5 3v3))
    (model ${KISYS3DMOD}/Capacitor_SMD.3dshapes/C_0805_2012Metric.wrl
      (at (xyz 0 0 0))
      (scale (xyz 1 1 1))
      (rotate (xyz 0 0 0))
    )
  )

  (module Capacitor_SMD:C_0805_2012Metric_Pad1.15x1.40mm_HandSolder (layer F.Cu) (tedit 5B36C52B) (tstamp 5C6BBE32)
    (at 115.57 109.22)
    (descr "Capacitor SMD 0805 (2012 Metric), square (rectangular) end terminal, IPC_7351 nominal with elongated pad for handsoldering. (Body size source: https://docs.google.com/spreadsheets/d/1BsfQQcO9C6DZCsRaXUlFlo91Tg2WpOkGARC1WS5S8t0/edit?usp=sharing), generated with kicad-footprint-generator")
    (tags "capacitor handsolder")
    (path /5D17EDED)
    (attr smd)
    (fp_text reference C5 (at 0 -1.65) (layer F.SilkS)
      (effects (font (size 1 1) (thickness 0.15)))
    )
    (fp_text value "C 10n" (at 0 1.65) (layer F.Fab)
      (effects (font (size 1 1) (thickness 0.15)))
    )
    (fp_line (start -1 0.6) (end -1 -0.6) (layer F.Fab) (width 0.1))
    (fp_line (start -1 -0.6) (end 1 -0.6) (layer F.Fab) (width 0.1))
    (fp_line (start 1 -0.6) (end 1 0.6) (layer F.Fab) (width 0.1))
    (fp_line (start 1 0.6) (end -1 0.6) (layer F.Fab) (width 0.1))
    (fp_line (start -0.261252 -0.71) (end 0.261252 -0.71) (layer F.SilkS) (width 0.12))
    (fp_line (start -0.261252 0.71) (end 0.261252 0.71) (layer F.SilkS) (width 0.12))
    (fp_line (start -1.85 0.95) (end -1.85 -0.95) (layer F.CrtYd) (width 0.05))
    (fp_line (start -1.85 -0.95) (end 1.85 -0.95) (layer F.CrtYd) (width 0.05))
    (fp_line (start 1.85 -0.95) (end 1.85 0.95) (layer F.CrtYd) (width 0.05))
    (fp_line (start 1.85 0.95) (end -1.85 0.95) (layer F.CrtYd) (width 0.05))
    (fp_text user %R (at 0 0) (layer F.Fab)
      (effects (font (size 0.5 0.5) (thickness 0.08)))
    )
    (pad 1 smd roundrect (at -1.025 0) (size 1.15 1.4) (layers F.Cu F.Paste F.Mask) (roundrect_rratio 0.217391)
      (net 2 NEGND))
    (pad 2 smd roundrect (at 1.025 0) (size 1.15 1.4) (layers F.Cu F.Paste F.Mask) (roundrect_rratio 0.217391)
      (net 6 "Net-(C5-Pad2)"))
    (model ${KISYS3DMOD}/Capacitor_SMD.3dshapes/C_0805_2012Metric.wrl
      (at (xyz 0 0 0))
      (scale (xyz 1 1 1))
      (rotate (xyz 0 0 0))
    )
  )

  (module Capacitor_SMD:C_0805_2012Metric_Pad1.15x1.40mm_HandSolder (layer F.Cu) (tedit 5B36C52B) (tstamp 5C6BBE43)
    (at 120.65 97.79)
    (descr "Capacitor SMD 0805 (2012 Metric), square (rectangular) end terminal, IPC_7351 nominal with elongated pad for handsoldering. (Body size source: https://docs.google.com/spreadsheets/d/1BsfQQcO9C6DZCsRaXUlFlo91Tg2WpOkGARC1WS5S8t0/edit?usp=sharing), generated with kicad-footprint-generator")
    (tags "capacitor handsolder")
    (path /5D2596DD)
    (attr smd)
    (fp_text reference C6 (at 0 -1.65) (layer F.SilkS)
      (effects (font (size 1 1) (thickness 0.15)))
    )
    (fp_text value "C 100n" (at 0 1.65) (layer F.Fab)
      (effects (font (size 1 1) (thickness 0.15)))
    )
    (fp_line (start -1 0.6) (end -1 -0.6) (layer F.Fab) (width 0.1))
    (fp_line (start -1 -0.6) (end 1 -0.6) (layer F.Fab) (width 0.1))
    (fp_line (start 1 -0.6) (end 1 0.6) (layer F.Fab) (width 0.1))
    (fp_line (start 1 0.6) (end -1 0.6) (layer F.Fab) (width 0.1))
    (fp_line (start -0.261252 -0.71) (end 0.261252 -0.71) (layer F.SilkS) (width 0.12))
    (fp_line (start -0.261252 0.71) (end 0.261252 0.71) (layer F.SilkS) (width 0.12))
    (fp_line (start -1.85 0.95) (end -1.85 -0.95) (layer F.CrtYd) (width 0.05))
    (fp_line (start -1.85 -0.95) (end 1.85 -0.95) (layer F.CrtYd) (width 0.05))
    (fp_line (start 1.85 -0.95) (end 1.85 0.95) (layer F.CrtYd) (width 0.05))
    (fp_line (start 1.85 0.95) (end -1.85 0.95) (layer F.CrtYd) (width 0.05))
    (fp_text user %R (at 0 0) (layer F.Fab)
      (effects (font (size 0.5 0.5) (thickness 0.08)))
    )
    (pad 1 smd roundrect (at -1.025 0) (size 1.15 1.4) (layers F.Cu F.Paste F.Mask) (roundrect_rratio 0.217391)
      (net 2 NEGND))
    (pad 2 smd roundrect (at 1.025 0) (size 1.15 1.4) (layers F.Cu F.Paste F.Mask) (roundrect_rratio 0.217391)
      (net 7 NEVCC))
    (model ${KISYS3DMOD}/Capacitor_SMD.3dshapes/C_0805_2012Metric.wrl
      (at (xyz 0 0 0))
      (scale (xyz 1 1 1))
      (rotate (xyz 0 0 0))
    )
  )

  (module Capacitor_SMD:C_0805_2012Metric_Pad1.15x1.40mm_HandSolder (layer F.Cu) (tedit 5B36C52B) (tstamp 5C6BBE54)
    (at 62.23 100.33 270)
    (descr "Capacitor SMD 0805 (2012 Metric), square (rectangular) end terminal, IPC_7351 nominal with elongated pad for handsoldering. (Body size source: https://docs.google.com/spreadsheets/d/1BsfQQcO9C6DZCsRaXUlFlo91Tg2WpOkGARC1WS5S8t0/edit?usp=sharing), generated with kicad-footprint-generator")
    (tags "capacitor handsolder")
    (path /5C920E7D)
    (attr smd)
    (fp_text reference C7 (at 0 -1.65 270) (layer F.SilkS)
      (effects (font (size 1 1) (thickness 0.15)))
    )
    (fp_text value C (at 0 1.65 270) (layer F.Fab)
      (effects (font (size 1 1) (thickness 0.15)))
    )
    (fp_line (start -1 0.6) (end -1 -0.6) (layer F.Fab) (width 0.1))
    (fp_line (start -1 -0.6) (end 1 -0.6) (layer F.Fab) (width 0.1))
    (fp_line (start 1 -0.6) (end 1 0.6) (layer F.Fab) (width 0.1))
    (fp_line (start 1 0.6) (end -1 0.6) (layer F.Fab) (width 0.1))
    (fp_line (start -0.261252 -0.71) (end 0.261252 -0.71) (layer F.SilkS) (width 0.12))
    (fp_line (start -0.261252 0.71) (end 0.261252 0.71) (layer F.SilkS) (width 0.12))
    (fp_line (start -1.85 0.95) (end -1.85 -0.95) (layer F.CrtYd) (width 0.05))
    (fp_line (start -1.85 -0.95) (end 1.85 -0.95) (layer F.CrtYd) (width 0.05))
    (fp_line (start 1.85 -0.95) (end 1.85 0.95) (layer F.CrtYd) (width 0.05))
    (fp_line (start 1.85 0.95) (end -1.85 0.95) (layer F.CrtYd) (width 0.05))
    (fp_text user %R (at 0 0 270) (layer F.Fab)
      (effects (font (size 0.5 0.5) (thickness 0.08)))
    )
    (pad 1 smd roundrect (at -1.025 0 270) (size 1.15 1.4) (layers F.Cu F.Paste F.Mask) (roundrect_rratio 0.217391)
      (net 8 "Net-(C7-Pad1)"))
    (pad 2 smd roundrect (at 1.025 0 270) (size 1.15 1.4) (layers F.Cu F.Paste F.Mask) (roundrect_rratio 0.217391)
      (net 9 "Net-(C7-Pad2)"))
    (model ${KISYS3DMOD}/Capacitor_SMD.3dshapes/C_0805_2012Metric.wrl
      (at (xyz 0 0 0))
      (scale (xyz 1 1 1))
      (rotate (xyz 0 0 0))
    )
  )

  (module Capacitor_THT:CP_Radial_D6.3mm_P2.50mm (layer F.Cu) (tedit 5AE50EF0) (tstamp 5C6BBEE8)
    (at 62.23 129.54 270)
    (descr "CP, Radial series, Radial, pin pitch=2.50mm, , diameter=6.3mm, Electrolytic Capacitor")
    (tags "CP Radial series Radial pin pitch 2.50mm  diameter 6.3mm Electrolytic Capacitor")
    (path /5C5CB1A8)
    (fp_text reference C8 (at 1.25 -4.4 270) (layer F.SilkS)
      (effects (font (size 1 1) (thickness 0.15)))
    )
    (fp_text value CP (at 1.25 4.4 270) (layer F.Fab)
      (effects (font (size 1 1) (thickness 0.15)))
    )
    (fp_text user %R (at 1.25 0 270) (layer F.Fab)
      (effects (font (size 1 1) (thickness 0.15)))
    )
    (fp_line (start -1.935241 -2.154) (end -1.935241 -1.524) (layer F.SilkS) (width 0.12))
    (fp_line (start -2.250241 -1.839) (end -1.620241 -1.839) (layer F.SilkS) (width 0.12))
    (fp_line (start 4.491 -0.402) (end 4.491 0.402) (layer F.SilkS) (width 0.12))
    (fp_line (start 4.451 -0.633) (end 4.451 0.633) (layer F.SilkS) (width 0.12))
    (fp_line (start 4.411 -0.802) (end 4.411 0.802) (layer F.SilkS) (width 0.12))
    (fp_line (start 4.371 -0.94) (end 4.371 0.94) (layer F.SilkS) (width 0.12))
    (fp_line (start 4.331 -1.059) (end 4.331 1.059) (layer F.SilkS) (width 0.12))
    (fp_line (start 4.291 -1.165) (end 4.291 1.165) (layer F.SilkS) (width 0.12))
    (fp_line (start 4.251 -1.262) (end 4.251 1.262) (layer F.SilkS) (width 0.12))
    (fp_line (start 4.211 -1.35) (end 4.211 1.35) (layer F.SilkS) (width 0.12))
    (fp_line (start 4.171 -1.432) (end 4.171 1.432) (layer F.SilkS) (width 0.12))
    (fp_line (start 4.131 -1.509) (end 4.131 1.509) (layer F.SilkS) (width 0.12))
    (fp_line (start 4.091 -1.581) (end 4.091 1.581) (layer F.SilkS) (width 0.12))
    (fp_line (start 4.051 -1.65) (end 4.051 1.65) (layer F.SilkS) (width 0.12))
    (fp_line (start 4.011 -1.714) (end 4.011 1.714) (layer F.SilkS) (width 0.12))
    (fp_line (start 3.971 -1.776) (end 3.971 1.776) (layer F.SilkS) (width 0.12))
    (fp_line (start 3.931 -1.834) (end 3.931 1.834) (layer F.SilkS) (width 0.12))
    (fp_line (start 3.891 -1.89) (end 3.891 1.89) (layer F.SilkS) (width 0.12))
    (fp_line (start 3.851 -1.944) (end 3.851 1.944) (layer F.SilkS) (width 0.12))
    (fp_line (start 3.811 -1.995) (end 3.811 1.995) (layer F.SilkS) (width 0.12))
    (fp_line (start 3.771 -2.044) (end 3.771 2.044) (layer F.SilkS) (width 0.12))
    (fp_line (start 3.731 -2.092) (end 3.731 2.092) (layer F.SilkS) (width 0.12))
    (fp_line (start 3.691 -2.137) (end 3.691 2.137) (layer F.SilkS) (width 0.12))
    (fp_line (start 3.651 -2.182) (end 3.651 2.182) (layer F.SilkS) (width 0.12))
    (fp_line (start 3.611 -2.224) (end 3.611 2.224) (layer F.SilkS) (width 0.12))
    (fp_line (start 3.571 -2.265) (end 3.571 2.265) (layer F.SilkS) (width 0.12))
    (fp_line (start 3.531 1.04) (end 3.531 2.305) (layer F.SilkS) (width 0.12))
    (fp_line (start 3.531 -2.305) (end 3.531 -1.04) (layer F.SilkS) (width 0.12))
    (fp_line (start 3.491 1.04) (end 3.491 2.343) (layer F.SilkS) (width 0.12))
    (fp_line (start 3.491 -2.343) (end 3.491 -1.04) (layer F.SilkS) (width 0.12))
    (fp_line (start 3.451 1.04) (end 3.451 2.38) (layer F.SilkS) (width 0.12))
    (fp_line (start 3.451 -2.38) (end 3.451 -1.04) (layer F.SilkS) (width 0.12))
    (fp_line (start 3.411 1.04) (end 3.411 2.416) (layer F.SilkS) (width 0.12))
    (fp_line (start 3.411 -2.416) (end 3.411 -1.04) (layer F.SilkS) (width 0.12))
    (fp_line (start 3.371 1.04) (end 3.371 2.45) (layer F.SilkS) (width 0.12))
    (fp_line (start 3.371 -2.45) (end 3.371 -1.04) (layer F.SilkS) (width 0.12))
    (fp_line (start 3.331 1.04) (end 3.331 2.484) (layer F.SilkS) (width 0.12))
    (fp_line (start 3.331 -2.484) (end 3.331 -1.04) (layer F.SilkS) (width 0.12))
    (fp_line (start 3.291 1.04) (end 3.291 2.516) (layer F.SilkS) (width 0.12))
    (fp_line (start 3.291 -2.516) (end 3.291 -1.04) (layer F.SilkS) (width 0.12))
    (fp_line (start 3.251 1.04) (end 3.251 2.548) (layer F.SilkS) (width 0.12))
    (fp_line (start 3.251 -2.548) (end 3.251 -1.04) (layer F.SilkS) (width 0.12))
    (fp_line (start 3.211 1.04) (end 3.211 2.578) (layer F.SilkS) (width 0.12))
    (fp_line (start 3.211 -2.578) (end 3.211 -1.04) (layer F.SilkS) (width 0.12))
    (fp_line (start 3.171 1.04) (end 3.171 2.607) (layer F.SilkS) (width 0.12))
    (fp_line (start 3.171 -2.607) (end 3.171 -1.04) (layer F.SilkS) (width 0.12))
    (fp_line (start 3.131 1.04) (end 3.131 2.636) (layer F.SilkS) (width 0.12))
    (fp_line (start 3.131 -2.636) (end 3.131 -1.04) (layer F.SilkS) (width 0.12))
    (fp_line (start 3.091 1.04) (end 3.091 2.664) (layer F.SilkS) (width 0.12))
    (fp_line (start 3.091 -2.664) (end 3.091 -1.04) (layer F.SilkS) (width 0.12))
    (fp_line (start 3.051 1.04) (end 3.051 2.69) (layer F.SilkS) (width 0.12))
    (fp_line (start 3.051 -2.69) (end 3.051 -1.04) (layer F.SilkS) (width 0.12))
    (fp_line (start 3.011 1.04) (end 3.011 2.716) (layer F.SilkS) (width 0.12))
    (fp_line (start 3.011 -2.716) (end 3.011 -1.04) (layer F.SilkS) (width 0.12))
    (fp_line (start 2.971 1.04) (end 2.971 2.742) (layer F.SilkS) (width 0.12))
    (fp_line (start 2.971 -2.742) (end 2.971 -1.04) (layer F.SilkS) (width 0.12))
    (fp_line (start 2.931 1.04) (end 2.931 2.766) (layer F.SilkS) (width 0.12))
    (fp_line (start 2.931 -2.766) (end 2.931 -1.04) (layer F.SilkS) (width 0.12))
    (fp_line (start 2.891 1.04) (end 2.891 2.79) (layer F.SilkS) (width 0.12))
    (fp_line (start 2.891 -2.79) (end 2.891 -1.04) (layer F.SilkS) (width 0.12))
    (fp_line (start 2.851 1.04) (end 2.851 2.812) (layer F.SilkS) (width 0.12))
    (fp_line (start 2.851 -2.812) (end 2.851 -1.04) (layer F.SilkS) (width 0.12))
    (fp_line (start 2.811 1.04) (end 2.811 2.834) (layer F.SilkS) (width 0.12))
    (fp_line (start 2.811 -2.834) (end 2.811 -1.04) (layer F.SilkS) (width 0.12))
    (fp_line (start 2.771 1.04) (end 2.771 2.856) (layer F.SilkS) (width 0.12))
    (fp_line (start 2.771 -2.856) (end 2.771 -1.04) (layer F.SilkS) (width 0.12))
    (fp_line (start 2.731 1.04) (end 2.731 2.876) (layer F.SilkS) (width 0.12))
    (fp_line (start 2.731 -2.876) (end 2.731 -1.04) (layer F.SilkS) (width 0.12))
    (fp_line (start 2.691 1.04) (end 2.691 2.896) (layer F.SilkS) (width 0.12))
    (fp_line (start 2.691 -2.896) (end 2.691 -1.04) (layer F.SilkS) (width 0.12))
    (fp_line (start 2.651 1.04) (end 2.651 2.916) (layer F.SilkS) (width 0.12))
    (fp_line (start 2.651 -2.916) (end 2.651 -1.04) (layer F.SilkS) (width 0.12))
    (fp_line (start 2.611 1.04) (end 2.611 2.934) (layer F.SilkS) (width 0.12))
    (fp_line (start 2.611 -2.934) (end 2.611 -1.04) (layer F.SilkS) (width 0.12))
    (fp_line (start 2.571 1.04) (end 2.571 2.952) (layer F.SilkS) (width 0.12))
    (fp_line (start 2.571 -2.952) (end 2.571 -1.04) (layer F.SilkS) (width 0.12))
    (fp_line (start 2.531 1.04) (end 2.531 2.97) (layer F.SilkS) (width 0.12))
    (fp_line (start 2.531 -2.97) (end 2.531 -1.04) (layer F.SilkS) (width 0.12))
    (fp_line (start 2.491 1.04) (end 2.491 2.986) (layer F.SilkS) (width 0.12))
    (fp_line (start 2.491 -2.986) (end 2.491 -1.04) (layer F.SilkS) (width 0.12))
    (fp_line (start 2.451 1.04) (end 2.451 3.002) (layer F.SilkS) (width 0.12))
    (fp_line (start 2.451 -3.002) (end 2.451 -1.04) (layer F.SilkS) (width 0.12))
    (fp_line (start 2.411 1.04) (end 2.411 3.018) (layer F.SilkS) (width 0.12))
    (fp_line (start 2.411 -3.018) (end 2.411 -1.04) (layer F.SilkS) (width 0.12))
    (fp_line (start 2.371 1.04) (end 2.371 3.033) (layer F.SilkS) (width 0.12))
    (fp_line (start 2.371 -3.033) (end 2.371 -1.04) (layer F.SilkS) (width 0.12))
    (fp_line (start 2.331 1.04) (end 2.331 3.047) (layer F.SilkS) (width 0.12))
    (fp_line (start 2.331 -3.047) (end 2.331 -1.04) (layer F.SilkS) (width 0.12))
    (fp_line (start 2.291 1.04) (end 2.291 3.061) (layer F.SilkS) (width 0.12))
    (fp_line (start 2.291 -3.061) (end 2.291 -1.04) (layer F.SilkS) (width 0.12))
    (fp_line (start 2.251 1.04) (end 2.251 3.074) (layer F.SilkS) (width 0.12))
    (fp_line (start 2.251 -3.074) (end 2.251 -1.04) (layer F.SilkS) (width 0.12))
    (fp_line (start 2.211 1.04) (end 2.211 3.086) (layer F.SilkS) (width 0.12))
    (fp_line (start 2.211 -3.086) (end 2.211 -1.04) (layer F.SilkS) (width 0.12))
    (fp_line (start 2.171 1.04) (end 2.171 3.098) (layer F.SilkS) (width 0.12))
    (fp_line (start 2.171 -3.098) (end 2.171 -1.04) (layer F.SilkS) (width 0.12))
    (fp_line (start 2.131 1.04) (end 2.131 3.11) (layer F.SilkS) (width 0.12))
    (fp_line (start 2.131 -3.11) (end 2.131 -1.04) (layer F.SilkS) (width 0.12))
    (fp_line (start 2.091 1.04) (end 2.091 3.121) (layer F.SilkS) (width 0.12))
    (fp_line (start 2.091 -3.121) (end 2.091 -1.04) (layer F.SilkS) (width 0.12))
    (fp_line (start 2.051 1.04) (end 2.051 3.131) (layer F.SilkS) (width 0.12))
    (fp_line (start 2.051 -3.131) (end 2.051 -1.04) (layer F.SilkS) (width 0.12))
    (fp_line (start 2.011 1.04) (end 2.011 3.141) (layer F.SilkS) (width 0.12))
    (fp_line (start 2.011 -3.141) (end 2.011 -1.04) (layer F.SilkS) (width 0.12))
    (fp_line (start 1.971 1.04) (end 1.971 3.15) (layer F.SilkS) (width 0.12))
    (fp_line (start 1.971 -3.15) (end 1.971 -1.04) (layer F.SilkS) (width 0.12))
    (fp_line (start 1.93 1.04) (end 1.93 3.159) (layer F.SilkS) (width 0.12))
    (fp_line (start 1.93 -3.159) (end 1.93 -1.04) (layer F.SilkS) (width 0.12))
    (fp_line (start 1.89 1.04) (end 1.89 3.167) (layer F.SilkS) (width 0.12))
    (fp_line (start 1.89 -3.167) (end 1.89 -1.04) (layer F.SilkS) (width 0.12))
    (fp_line (start 1.85 1.04) (end 1.85 3.175) (layer F.SilkS) (width 0.12))
    (fp_line (start 1.85 -3.175) (end 1.85 -1.04) (layer F.SilkS) (width 0.12))
    (fp_line (start 1.81 1.04) (end 1.81 3.182) (layer F.SilkS) (width 0.12))
    (fp_line (start 1.81 -3.182) (end 1.81 -1.04) (layer F.SilkS) (width 0.12))
    (fp_line (start 1.77 1.04) (end 1.77 3.189) (layer F.SilkS) (width 0.12))
    (fp_line (start 1.77 -3.189) (end 1.77 -1.04) (layer F.SilkS) (width 0.12))
    (fp_line (start 1.73 1.04) (end 1.73 3.195) (layer F.SilkS) (width 0.12))
    (fp_line (start 1.73 -3.195) (end 1.73 -1.04) (layer F.SilkS) (width 0.12))
    (fp_line (start 1.69 1.04) (end 1.69 3.201) (layer F.SilkS) (width 0.12))
    (fp_line (start 1.69 -3.201) (end 1.69 -1.04) (layer F.SilkS) (width 0.12))
    (fp_line (start 1.65 1.04) (end 1.65 3.206) (layer F.SilkS) (width 0.12))
    (fp_line (start 1.65 -3.206) (end 1.65 -1.04) (layer F.SilkS) (width 0.12))
    (fp_line (start 1.61 1.04) (end 1.61 3.211) (layer F.SilkS) (width 0.12))
    (fp_line (start 1.61 -3.211) (end 1.61 -1.04) (layer F.SilkS) (width 0.12))
    (fp_line (start 1.57 1.04) (end 1.57 3.215) (layer F.SilkS) (width 0.12))
    (fp_line (start 1.57 -3.215) (end 1.57 -1.04) (layer F.SilkS) (width 0.12))
    (fp_line (start 1.53 1.04) (end 1.53 3.218) (layer F.SilkS) (width 0.12))
    (fp_line (start 1.53 -3.218) (end 1.53 -1.04) (layer F.SilkS) (width 0.12))
    (fp_line (start 1.49 1.04) (end 1.49 3.222) (layer F.SilkS) (width 0.12))
    (fp_line (start 1.49 -3.222) (end 1.49 -1.04) (layer F.SilkS) (width 0.12))
    (fp_line (start 1.45 -3.224) (end 1.45 3.224) (layer F.SilkS) (width 0.12))
    (fp_line (start 1.41 -3.227) (end 1.41 3.227) (layer F.SilkS) (width 0.12))
    (fp_line (start 1.37 -3.228) (end 1.37 3.228) (layer F.SilkS) (width 0.12))
    (fp_line (start 1.33 -3.23) (end 1.33 3.23) (layer F.SilkS) (width 0.12))
    (fp_line (start 1.29 -3.23) (end 1.29 3.23) (layer F.SilkS) (width 0.12))
    (fp_line (start 1.25 -3.23) (end 1.25 3.23) (layer F.SilkS) (width 0.12))
    (fp_line (start -1.128972 -1.6885) (end -1.128972 -1.0585) (layer F.Fab) (width 0.1))
    (fp_line (start -1.443972 -1.3735) (end -0.813972 -1.3735) (layer F.Fab) (width 0.1))
    (fp_circle (center 1.25 0) (end 4.65 0) (layer F.CrtYd) (width 0.05))
    (fp_circle (center 1.25 0) (end 4.52 0) (layer F.SilkS) (width 0.12))
    (fp_circle (center 1.25 0) (end 4.4 0) (layer F.Fab) (width 0.1))
    (pad 2 thru_hole circle (at 2.5 0 270) (size 1.6 1.6) (drill 0.8) (layers *.Cu *.Mask)
      (net 2 NEGND))
    (pad 1 thru_hole rect (at 0 0 270) (size 1.6 1.6) (drill 0.8) (layers *.Cu *.Mask)
      (net 10 vin))
    (model ${KISYS3DMOD}/Capacitor_THT.3dshapes/CP_Radial_D6.3mm_P2.50mm.wrl
      (at (xyz 0 0 0))
      (scale (xyz 1 1 1))
      (rotate (xyz 0 0 0))
    )
  )

  (module Capacitor_SMD:C_0805_2012Metric_Pad1.15x1.40mm_HandSolder (layer F.Cu) (tedit 5B36C52B) (tstamp 5C6BBEF9)
    (at 132.08 119.135 90)
    (descr "Capacitor SMD 0805 (2012 Metric), square (rectangular) end terminal, IPC_7351 nominal with elongated pad for handsoldering. (Body size source: https://docs.google.com/spreadsheets/d/1BsfQQcO9C6DZCsRaXUlFlo91Tg2WpOkGARC1WS5S8t0/edit?usp=sharing), generated with kicad-footprint-generator")
    (tags "capacitor handsolder")
    (path /5C5CB4FB)
    (attr smd)
    (fp_text reference C9 (at 0 -1.65 90) (layer F.SilkS)
      (effects (font (size 1 1) (thickness 0.15)))
    )
    (fp_text value C (at 0 1.65 90) (layer F.Fab)
      (effects (font (size 1 1) (thickness 0.15)))
    )
    (fp_text user %R (at 0 0 90) (layer F.Fab)
      (effects (font (size 0.5 0.5) (thickness 0.08)))
    )
    (fp_line (start 1.85 0.95) (end -1.85 0.95) (layer F.CrtYd) (width 0.05))
    (fp_line (start 1.85 -0.95) (end 1.85 0.95) (layer F.CrtYd) (width 0.05))
    (fp_line (start -1.85 -0.95) (end 1.85 -0.95) (layer F.CrtYd) (width 0.05))
    (fp_line (start -1.85 0.95) (end -1.85 -0.95) (layer F.CrtYd) (width 0.05))
    (fp_line (start -0.261252 0.71) (end 0.261252 0.71) (layer F.SilkS) (width 0.12))
    (fp_line (start -0.261252 -0.71) (end 0.261252 -0.71) (layer F.SilkS) (width 0.12))
    (fp_line (start 1 0.6) (end -1 0.6) (layer F.Fab) (width 0.1))
    (fp_line (start 1 -0.6) (end 1 0.6) (layer F.Fab) (width 0.1))
    (fp_line (start -1 -0.6) (end 1 -0.6) (layer F.Fab) (width 0.1))
    (fp_line (start -1 0.6) (end -1 -0.6) (layer F.Fab) (width 0.1))
    (pad 2 smd roundrect (at 1.025 0 90) (size 1.15 1.4) (layers F.Cu F.Paste F.Mask) (roundrect_rratio 0.217391)
      (net 10 vin))
    (pad 1 smd roundrect (at -1.025 0 90) (size 1.15 1.4) (layers F.Cu F.Paste F.Mask) (roundrect_rratio 0.217391)
      (net 2 NEGND))
    (model ${KISYS3DMOD}/Capacitor_SMD.3dshapes/C_0805_2012Metric.wrl
      (at (xyz 0 0 0))
      (scale (xyz 1 1 1))
      (rotate (xyz 0 0 0))
    )
  )

  (module Capacitor_THT:CP_Radial_D6.3mm_P2.50mm (layer F.Cu) (tedit 5AE50EF0) (tstamp 5C6BBF8D)
    (at 53.34 133.35)
    (descr "CP, Radial series, Radial, pin pitch=2.50mm, , diameter=6.3mm, Electrolytic Capacitor")
    (tags "CP Radial series Radial pin pitch 2.50mm  diameter 6.3mm Electrolytic Capacitor")
    (path /5C5CB35C)
    (fp_text reference C10 (at 1.25 -4.4) (layer F.SilkS)
      (effects (font (size 1 1) (thickness 0.15)))
    )
    (fp_text value CP (at 1.25 4.4) (layer F.Fab)
      (effects (font (size 1 1) (thickness 0.15)))
    )
    (fp_circle (center 1.25 0) (end 4.4 0) (layer F.Fab) (width 0.1))
    (fp_circle (center 1.25 0) (end 4.52 0) (layer F.SilkS) (width 0.12))
    (fp_circle (center 1.25 0) (end 4.65 0) (layer F.CrtYd) (width 0.05))
    (fp_line (start -1.443972 -1.3735) (end -0.813972 -1.3735) (layer F.Fab) (width 0.1))
    (fp_line (start -1.128972 -1.6885) (end -1.128972 -1.0585) (layer F.Fab) (width 0.1))
    (fp_line (start 1.25 -3.23) (end 1.25 3.23) (layer F.SilkS) (width 0.12))
    (fp_line (start 1.29 -3.23) (end 1.29 3.23) (layer F.SilkS) (width 0.12))
    (fp_line (start 1.33 -3.23) (end 1.33 3.23) (layer F.SilkS) (width 0.12))
    (fp_line (start 1.37 -3.228) (end 1.37 3.228) (layer F.SilkS) (width 0.12))
    (fp_line (start 1.41 -3.227) (end 1.41 3.227) (layer F.SilkS) (width 0.12))
    (fp_line (start 1.45 -3.224) (end 1.45 3.224) (layer F.SilkS) (width 0.12))
    (fp_line (start 1.49 -3.222) (end 1.49 -1.04) (layer F.SilkS) (width 0.12))
    (fp_line (start 1.49 1.04) (end 1.49 3.222) (layer F.SilkS) (width 0.12))
    (fp_line (start 1.53 -3.218) (end 1.53 -1.04) (layer F.SilkS) (width 0.12))
    (fp_line (start 1.53 1.04) (end 1.53 3.218) (layer F.SilkS) (width 0.12))
    (fp_line (start 1.57 -3.215) (end 1.57 -1.04) (layer F.SilkS) (width 0.12))
    (fp_line (start 1.57 1.04) (end 1.57 3.215) (layer F.SilkS) (width 0.12))
    (fp_line (start 1.61 -3.211) (end 1.61 -1.04) (layer F.SilkS) (width 0.12))
    (fp_line (start 1.61 1.04) (end 1.61 3.211) (layer F.SilkS) (width 0.12))
    (fp_line (start 1.65 -3.206) (end 1.65 -1.04) (layer F.SilkS) (width 0.12))
    (fp_line (start 1.65 1.04) (end 1.65 3.206) (layer F.SilkS) (width 0.12))
    (fp_line (start 1.69 -3.201) (end 1.69 -1.04) (layer F.SilkS) (width 0.12))
    (fp_line (start 1.69 1.04) (end 1.69 3.201) (layer F.SilkS) (width 0.12))
    (fp_line (start 1.73 -3.195) (end 1.73 -1.04) (layer F.SilkS) (width 0.12))
    (fp_line (start 1.73 1.04) (end 1.73 3.195) (layer F.SilkS) (width 0.12))
    (fp_line (start 1.77 -3.189) (end 1.77 -1.04) (layer F.SilkS) (width 0.12))
    (fp_line (start 1.77 1.04) (end 1.77 3.189) (layer F.SilkS) (width 0.12))
    (fp_line (start 1.81 -3.182) (end 1.81 -1.04) (layer F.SilkS) (width 0.12))
    (fp_line (start 1.81 1.04) (end 1.81 3.182) (layer F.SilkS) (width 0.12))
    (fp_line (start 1.85 -3.175) (end 1.85 -1.04) (layer F.SilkS) (width 0.12))
    (fp_line (start 1.85 1.04) (end 1.85 3.175) (layer F.SilkS) (width 0.12))
    (fp_line (start 1.89 -3.167) (end 1.89 -1.04) (layer F.SilkS) (width 0.12))
    (fp_line (start 1.89 1.04) (end 1.89 3.167) (layer F.SilkS) (width 0.12))
    (fp_line (start 1.93 -3.159) (end 1.93 -1.04) (layer F.SilkS) (width 0.12))
    (fp_line (start 1.93 1.04) (end 1.93 3.159) (layer F.SilkS) (width 0.12))
    (fp_line (start 1.971 -3.15) (end 1.971 -1.04) (layer F.SilkS) (width 0.12))
    (fp_line (start 1.971 1.04) (end 1.971 3.15) (layer F.SilkS) (width 0.12))
